12329
23881
26520
5921
21220
24447
23875
4019
29169
10382
20209
5782
769
22710
6131
9639
13578
19811
8465
16220
2621
9044
27169
8709
20025
9212
20952
16466
15486
8745
4063
8982
27428
2531
5417
6218
19917
10135
18053
21333
25816
27253
17775
25227
27863
9750
15148
7667
8771
5986
23062
29517
28015
12465
2356
13139
2747
28976
28173
17472
778
19335
18622
23951
2166
24504
22091
12549
2882
3146
11571
9457
6927
6824
18503
947
26707
2756
13243
17531
31240
16895
4222
20819
27553
8525
25031
28256
18242
18068
22769
9828
20528
32086
5000
24712
20871
8848
32676
857
17707
32738
23157
18704
26368
25071
32032
10518
2142
28167
27593
31431
14271
31492
23281
13687
4283
29041
7939
29106
18487
30450
14889
4040
18649
26847
31844
10121
29631
27187
27100
9550
22896
2213
23413
14393
32530
15636
3490
30141
990
19240
4478
22112
15058
17463
21529
28607
3237
12645
12303
4051
13824
10512
15712
7540
13803
21355
21371
25115
32902
8808
29084
8428
18937
16604
344
7924
32173
31966
10103
175
13757
12655
5889
8397
18087
29537
6811
17461
13128
1393
18452
20299
7431
22455
4668
24686
1104
5696
11509
29637
27972
2809
30604
29756
15534
22222
24905
24009
24889
17940
31812
21748
7393
17444
12923
22422
680
12873
20770
27361
31882
9693
24122
27296
28082
20910
27749
24000
17646
7847
24825
29712
4961
14252
24659
4421
31608
3269
21614
2369
3103
4479
16820
29077
23604
14991
24083
11332
31291
32441
7764
4042
1108
24304
11688
20572
31851
14783
900
3698
11439
28135
2991
11907
12357
4170
5274
24079
29757
14599
30703
27107
17605
11239
12652
18841
15004
24568
22514
1118
7370
10871
11481
21240
2703
4339
13703
8967
409
1712
4929
24458
5241
6474
3392
8870
25944
20634
33032
13475
14566
17885
11509
31800
13716
13843
2327
17416
8963
5030
8768
31084
15804
23372
11098
18547
29473
12334
14590
14631
6564
842
23363
12818
31030
18966
2516
1025
14338
2150
5702
25352
32604
12687
6312
28870
27892
9421
2651
15338
9296
18658
804
22774
5241
2816
19583
30788
17908
17641
16182
7494
17651
20053
7987
23313
31693
15764
27026
14877
4524
7028
18683
11078
8581
3685
9263
11287
23886
16603
31456
32840
29035
1780
1222
9349
15465
1883
18159
24178
12014
27500
4951
3563
26608
23193
9912
9104
24870
17676
22691
24705
16316
16781
4560
17254
7499
679
31923
18099
23816
9990
9295
21546
24892
26916
30031
4513
13556
29221
21843
27397
32249
21503
17544
32159
19202
28381
15739
18582
4649
17862
18223
18101
29596
1657
28013
21871
5269
18588
4955
3360
9868
18454
21584
28310
28331
7866
26343
2512
24962
16677
13906
517
9980
17129
9713
4841
6801
9707
13091
31531
7102
14601
26973
28738
17074
18944
23673
32617
19787
11917
7504
32744
22592
26835
23690
31382
14496
27389
12213
10908
2427
15908
11413
31611
16862
4211
20155
10321
26373
28297
23385
24664
11981
11294
14165
5295
9832
16362
25500
21341
12628
5826
5049
21395
29838
8709
4774
5937
515
9526
27106
17804
22599
1770
32451
9070
2697
10469
6670
19551
9415
2944
3525
4387
8254
16462
27968
8068
31781
28670
2943
22354
20122
30595
13247
28839
25053
24691
20555
22383
12732
14509
29589
24616
23886
3391
30597
14823
24804
3207
10001
16796
11325
5016
9742
6806
26873
10974
2886
12362
1360
13830
24778
1360
22276
23320
32394
29614
27284
25830
29474
16985
21171
9386
28407
13305
3064
5867
25987
29421
18647
20384
22765
32399
14800
29080
989
32185
9702
13593
21902
6792
26451
16840
29733
19295
8314
24520
14657
11567
15645
17446
23763
21238
5072
31861
16944
11910
15278
15797
7012
30344
27210
6778
22217
11712
28137
25674
2777
12179
6126
15430
21569
26054
11157
5900
23094
2952
9444
14301
27916
8627
27615
26363
29445
30799
18428
26453
5991
29016
10198
28518
28625
24768
4389
10587
3022
11704
19694
32372
8875
6444
9207
12716
21382
19852
16254
3484
11176
7122
33322
10653
26389
2497
27970
2605
8032
5482
26141
8340
23748
20981
28634
28103
15729
16798
11601
19596
10020
4350
16200
9951
14074
6028
21227
6804
25478
16739
29814
20799
1313
17990
31285
3921
14465
20961
7086
16003
20366
33105
2333
30584
17520
23015
5920
20125
25325
7465
21172
26709
7154
7706
4448
6227
14191
31676
20912
4166
22632
25810
32741
25020
1866
18666
29419
22336
13947
6811
13707
26822
30004
1804
28642
20298
17555
18101
1298
31667
17132
27498
14647
29949
8545
20373
29597
24983
6066
2755
28976
16394
19030
3938
31539
4828
22218
21960
30261
948
31273
14456
23873
16830
1533
26017
32086
8017
5972
2536
1302
13008
17431
6247
15554
32462
12952
21494
31334
25973
20330
32169
9809
27432
5493
19610
25544
3175
7241
4840
12796
10995
24755
13311
6457
22067
31630
20506
14431
29399
15068
18695
18070
1467
20758
1066
23870
9742
3776
3525
7717
23219
23103
33143
2557
26343
23023
23554
6925
18981
1137
6737
30758
30534
2882
18873
21465
1773
21394
28031
19431
26914
29011
23962
23801
23101
22672
33467
16017
7942
14592
5003
15169
19482
14299
14131
22811
7313
31724
12578
26216
7133
16360
31242
16029
9973
24318
27180
23434
2228
4015
22742
1749
13691
16608
21802
16295
27166
19757
23584
10405
12798
30849
12239
4642
6258
27619
13288
29842
2412
9107
29571
28482
9561
33622
13342
8007
3144
1294
14818
25269
25679
13709
8489
23569
7978
29611
28990
18952
17190
9622
19555
1888
15166
22634
24857
18224
29315
32258
32923
24908
16065
15629
32428
17156
24159
1892
16018
22542
3463
27291
4451
32704
30343
20181
18815
25218
33143
6109
10078
15236
18204
23667
33676
27308
11021
10212
23025
25299
24852
31198
6742
18480
25047
30849
25125
21268
4792
2233
33648
19160
9465
16588
32053
11540
28708
26927
18657
21778
19370
32670
8466
14211
11210
28779
9633
1648
1460
31255
32992
20851
16111
28447
29216
30246
11256
18968
24951
29916
25132
18430
24768
32143
24807
31946
15842
18714
21998
5698
2646
4776
33034
16661
15331
17773
31478
25639
19116
12948
25467
9770
28781
25464
15066
29038
27906
23574
27242
27130
29737
25027
16514
2523
10376
6682
25497
22460
18418
5689
32940
27575
27878
7725
14561
13931
2392
20650
4713
15951
32436
27391
28842
18245
30497
19786
22430
6259
25603
3816
32374
21582
17859
14128
30084
5879
8402
28257
25431
20171
17387
15064
7464
33590
17305
7815
7797
32199
20218
10402
9195
2442
16834
20379
28041
15506
6018
10065
27651
32725
9259
18309
23908
18749
13774
30349
7416
15355
33701
27724
10857
8991
3671
16737
11304
31333
21880
24223
28942
31058
1615
32957
13636
21632
2013
9295
11872
10551
2074
28149
8912
18236
28290
25299
4220
19694
22480
1345
9895
18830
32522
10691
5910
23007
14269
6203
33397
29423
23946
19805
33782
20276
23777
28772
8251
12762
14605
20739
7030
29788
13169
33183
31439
4690
30737
25019
13574
10122
29524
11444
22105
5209
13576
24750
7080
15411
1190
4558
18647
4730
2775
32170
15988
27028
13368
29437
4761
14400
12634
24992
12564
18730
14350
9909
18118
2237
27103
26917
31817
25912
33759
6734
17366
29956
15271
28405
15973
22341
28057
25730
31765
33455
32872
9836
7119
30362
8667
26610
3622
33369
16589
1548
32642
5832
26745
1441
11646
22053
24820
16890
11150
22049
14587
24439
23269
18486
7407
22144
6550
31802
7966
10943
27897
28981
21828
8844
11088
26736
28498
4777
26794
11982
11117
4656
11016
4191
19258
10953
10687
10803
28249
22816
7197
3692
30255
29079
23375
28311
22249
15672
23426
16445
31165
25325
16457
4020
5235
28915
4159
30011
6693
6796
19437
24647
10563
32244
27630
11543
6873
1687
2640
14478
5909
16257
15166
26178
21252
10774
22748
19665
23452
27907
18035
31860
4607
28532
28366
5078
15614
13448
33252
5926
21468
2817
13751
15722
26197
25921
3707
10263
17887
28018
29179
14559
21552
10756
2617
31179
6912
18012
15188
19337
4368
21450
12463
19975
12395
5820
17744
14145
16876
13362
19334
3159
33280
21362
30671
28898
33453
2045
29432
32904
28372
6081
22406
26318
4787
29072
7765
10542
19885
26577
15999
22378
20814
33654
33919
5663
20874
33582
25751
14237
2629
23259
19567
22262
15897
18246
14334
10581
4691
18961
3501
31121
27710
8686
1466
33282
13221
4879
8411
6292
7827
5086
29221
24857
27229
12781
16427
31204
9698
17200
16746
22163
28946
14186
30693
15660
21933
7653
28684
6508
7501
13158
26338
6747
18599
3168
7007
20004
3086
12136
20243
12324
30009
13289
14861
23873
7749
14617
30203
25213
4605
18731
9363
22986
17754
31943
21809
18721
19014
29367
28097
30670
8101
28643
6879
11790
17046
15231
2877
4827
25846
2947
31301
7175
27943
5467
19968
17544
8975
5856
19511
32019
11875
27528
10968
2796
18981
33241
32666
18684
20843
17700
21220
32548
2403
20335
23020
17361
19604
30643
7196
7120
31590
4168
1977
19556
21989
27037
14790
5014
8898
27948
32038
15053
18330
25773
17666
14238
13947
16778
9834
20197
21669
30868
5439
28181
16013
17908
26704
11980
3368
28004
26819
14507
32869
19103
28855
30052
13052
17941
23847
19220
15206
33252
22289
20692
24108
21252
14296
12682
13669
23233
3304
12550
29050
21615
32408
1866
5933
27481
7764
1576
24282
11514
24571
15635
6396
27504
17030
3887
15346
9261
27627
28586
32516
16112
15424
14415
9889
14579
7204
20056
26090
4198
2651
2436
31093
33821
11448
4458
24394
31622
26688
9485
20530
10973
17548
32944
24114
18339
7791
21996
23634
24908
28121
2559
29602
12856
8955
11879
2431
31972
24236
26544
23315
18786
2572
13962
29211
5894
4455
22302
22253
22115
18012
10914
9145
16245
11582
24363
23823
22560
14778
18883
13217
16089
16058
9916
4939
3492
5514
13380
9040
26942
16441
23353
7143
4251
2883
23102
5366
32915
29292
9998
12829
32728
19695
31248
20470
10027
34008
14380
5787
14799
23983
11998
5481
25150
3670
22152
19460
10012
12852
3853
17563
11369
21908
2715
9070
5370
8519
23240
20365
6186
27025
21473
6370
8141
9283
14974
32625
33381
2596
28506
32735
11673
26517
3426
2353
21730
24693
11788
32727
30856
11075
18410
29161
22733
1922
23423
24752
10599
29538
25169
17256
6452
25756
13375
10052
33322
2206
22293
4275
21901
20456
27742
33250
6244
18614
12666
19074
33837
3295
17904
33995
8144
18173
11269
25537
25810
4814
14221
14006
17611
15578
24321
17936
8986
9558
8914
27980
5847
19017
32509
5699
2313
15597
6880
31148
33561
34392
11083
18659
16775
16219
15067
9449
24284
24491
19587
1707
10976
2110
3180
31879
33292
19704
33535
24844
14658
16775
32320
28417
29116
19852
9565
22185
26947
3067
27270
14406
6817
14788
20224
10204
16984
30643
11637
7735
7060
25492
32399
31535
26975
19612
19397
32043
8212
1796
17524
20964
17174
8951
10545
9324
19137
2734
33118
19566
9889
19418
20219
33463
12258
4162
13503
16117
8200
2477
16999
8895
24545
21762
23375
5590
17079
6318
27455
30635
33225
25158
23943
2593
3069
1901
2638
31123
32207
3577
3623
9753
21901
24401
16357
4615
14278
19225
14513
6583
22528
7442
8793
22665
22953
19003
16363
24359
15696
31037
25731
7950
11797
27141
19553
12106
17246
32947
3134
20096
2764
30643
2784
17970
28270
32041
14573
4927
19252
16275
31485
30633
19366
11690
31218
22939
23253
28040
19852
5035
17298
20240
13624
6748
20447
15755
21289
6887
31907
29839
7594
30523
5538
31781
31411
17218
19883
12330
14778
10086
10003
22262
24523
19540
16483
2876
31195
13311
22862
32049
26970
9192
9190
20209
24327
33950
13839
4126
30728
23168
12083
7370
12602
15306
26167
25495
9414
26576
13230
22300
17909
25476
11341
3723
3909
16190
24479
22929
22204
27069
28410
19326
15484
13417
4274
33190
26520
27866
21388
10503
34086
12190
13942
34604
15765
22583
26741
2641
5185
12900
17630
9415
25925
20642
24521
30618
30096
11249
14019
4210
18748
28891
22979
16055
13339
7603
8288
17400
22674
22043
16192
25486
2218
4040
20948
5500
15716
31882
11330
24730
6221
21894
2467
8179
9043
27590
27247
14187
17111
8693
14133
31653
3587
13155
31632
20771
33118
27728
19798
18095
16285
14182
13330
12026
21693
9351
9397
32132
12110
19657
25992
27323
17426
14271
28261
9063
4038
9723
6439
34629
27456
25808
13919
15090
26042
3933
23113
4363
6510
24774
30206
3731
11875
31685
4330
3733
32646
19298
13953
18698
5628
24830
27694
16636
28343
29590
17292
24044
15943
25670
23769
13426
9971
27660
28072
16931
5385
22223
8149
8375
13682
28576
23742
29804
14985
33343
22704
6565
25390
5601
29344
21975
30741
17712
15388
4005
13156
22420
15745
21066
18046
32689
19053
8248
29209
25393
31351
22782
25751
20419
6686
13935
21139
16739
10240
9473
32186
7645
12877
31603
7644
18828
10362
21939
24642
31080
30010
5886
28995
26176
29866
22345
17426
17731
6859
16352
3290
10693
24118
6989
8461
13376
15115
7291
12793
12953
25131
8475
5532
5541
26791
29511
4537
24556
2936
20069
23851
29101
23408
11087
19322
22050
25968
6065
22188
30212
10972
7346
31581
21330
32332
30934
6930
12879
6276
12578
22731
21450
31143
15746
9175
9377
27303
21609
25836
34440
13056
6583
33143
5639
22182
13535
10545
4546
28731
4681
8691
18173
31622
21493
34251
10079
9249
13666
10063
27638
27761
26286
4145
27004
16603
8958
19988
31193
19253
34336
33182
7912
6779
25967
25551
17022
29380
12279
13713
14249
22900
6618
19856
24885
12722
5875
14411
8565
32029
26808
7788
30528
5306
17253
25940
27705
28209
20055
15867
14419
16698
33717
5623
16021
8530
13142
7898
18203
24498
11487
24513
6750
18817
21804
34090
25013
5705
10994
25350
28955
6824
32418
23824
24114
4936
24976
10588
34952
7184
4180
8499
30489
10140
23664
5150
12054
2795
22836
20801
26597
29016
20447
23274
16489
19660
16135
30826
22915
5681
26939
6692
31193
29226
14054
17379
7894
3585
28534
29041
7922
18657
3518
10597
16691
32069
13209
12860
28147
32432
32977
7595
23781
8095
20799
7732
25683
21435
9779
23288
19881
16980
16150
13772
21303
23819
9549
14222
11059
20174
12129
5818
17405
22282
16221
3128
5543
25883
16504
27256
11445
34824
10228
10945
21025
34413
32070
25798
29859
12984
11639
25723
14127
20376
11722
21030
18622
6323
12703
8377
26961
17304
30615
13919
16435
3316
29177
33621
26495
9736
20053
31483
20707
5722
8295
9003
26531
26027
13373
11721
5089
8746
19356
20635
33563
5863
19105
20315
23029
18058
6052
27659
13113
32325
12897
12681
4124
5383
18010
19555
7619
10995
15479
26092
29701
32016
4080
13712
12659
8514
27244
15460
6293
15993
19307
24321
4727
5416
16097
20883
14948
27641
26403
2605
22258
13503
24071
11616
25663
32171
12615
10507
4985
33476
32295
29044
25508
29585
28760
5272
14231
16664
10267
6080
3400
34829
19370
21333
14922
27459
18387
16629
20884
29286
33766
28614
5764
16620
3281
4875
8484
14665
31626
24309
6059
24674
6829
10171
8519
5445
3943
30445
30233
28951
2450
2821
12417
25421
16161
30015
17309
24096
14015
18858
15116
10042
9651
5503
10232
8374
25863
4018
24403
7751
16873
14280
28000
6839
11601
22248
25206
24980
3812
5940
23809
33062
16153
9562
29897
6307
27802
4197
27511
22182
28909
23514
18005
15326
22611
30720
13653
30211
8432
5247
27477
26383
29997
33068
19361
11434
25947
4388
4281
15334
25753
13336
20565
25900
3319
14823
32935
21623
28379
29810
25312
25023
28580
11180
30453
17849
31630
6128
23715
34493
3797
22168
17841
12807
23070
3275
23925
13603
34322
11414
18841
27555
23116
4158
10271
13587
19317
24533
11939
10031
13485
29964
20192
12371
16429
12616
33910
15922
17195
31224
12267
15563
4350
20261
8943
33177
35203
12362
16868
30474
26303
17255
24221
7219
3526
29265
12390
11458
26331
29260
3397
34100
32984
27099
18560
5960
33745
10455
23135
33459
14068
9919
13619
9749
7603
15183
27543
15404
28710
17748
3062
22855
29354
13246
21838
23806
28879
9463
10547
11297
24433
4211
24342
18158
27172
11913
23751
3975
28630
4737
6201
21667
12975
10990
26246
29827
16188
7230
15410
11304
20173
10639
17076
26307
10523
8132
26418
8557
18734
30424
18061
14104
18814
7539
6813
10437
23385
8891
3262
13816
19844
12909
4491
22889
26149
5932
12777
32253
5088
14105
25928
32756
14913
16035
24869
20068
7514
28065
33235
16614
12461
15006
12412
30095
19788
16499
27235
19234
4926
10780
19819
19331
31269
4292
19933
6767
21790
32802
31078
15467
19945
5384
27487
18938
6986
27193
22097
25363
30382
18300
18105
30418
5394
18158
33544
13166
10017
25756
11502
12907
9372
11345
34776
13585
26367
31149
35000
34076
22370
32375
4868
19893
13213
33588
34561
32929
11951
5625
34113
7097
28769
7037
2922
25242
14374
30322
20026
24733
10054
14614
29896
18186
30267
5381
6413
31624
6491
32081
12706
27352
6328
11988
18635
29635
8005
4805
9397
32337
34106
12170
17660
4924
22969
7117
22896
34724
12209
10194
5657
4356
12803
12552
34937
21861
17123
21470
21008
19410
10881
28631
27686
33035
6377
12769
22724
5246
32552
6371
25860
33138
33713
10389
24714
34950
5631
16020
28243
19802
25979
15798
21166
31884
16287
33690
25223
3558
6492
23684
30699
30421
18361
26984
4041
24861
11198
11333
29942
14796
21904
11957
7284
11372
25309
30401
5876
24189
7290
15865
15257
32547
5963
7877
28671
32539
23652
11254
12668
34035
23661
9888
17318
29051
12875
17964
10261
34935
30973
18089
17258
4502
14531
12643
21391
34216
12166
5047
6977
7179
30836
6181
26316
19558
22251
13735
19990
6298
10392
26945
22495
13046
17120
11738
25159
21675
16254
9802
29841
22655
31854
11700
24102
28101
21258
16918
18141
30604
19060
32030
5241
27671
18739
3904
18804
18573
35361
28933
16635
27890
22660
16038
27705
29782
22395
29145
29912
23884
22684
28139
26821
5790
34267
4623
21300
17471
25261
17910
26341
20609
26734
13471
7589
7560
16896
10609
28951
27391
27318
17287
4276
17417
13424
29515
14609
35195
30983
30278
4192
27720
31467
17718
11322
27709
14602
10337
9372
12014
14836
26154
22575
17136
4669
16354
17868
9032
10787
12512
7999
3876
34417
9172
31051
35273
6308
4696
15599
5837
23115
17096
15848
34438
14260
6228
6775
26306
3524
10579
18532
27576
16167
4058
29507
25919
9386
10382
4086
5182
23780
13238
18803
29796
16156
3221
10952
19993
30055
27382
10844
9396
33297
25352
31351
21742
13374
5996
17156
30614
20433
20877
10390
23687
27789
29744
17578
12760
20602
31820
29484
11090
18827
33819
6460
15911
19069
31857
18737
17632
20226
4173
26590
8088
19231
26285
14101
9320
10707
13991
26986
29730
7929
25014
9017
34626
20591
34898
3307
34593
6776
19651
23156
18284
29535
14390
27680
29653
12894
30225
27792
17928
15805
22916
4095
22497
25662
24928
22731
26076
26041
11821
34096
5581
28420
7799
35414
5585
3349
34152
16526
10116
23403
12188
9432
27508
29098
10800
21418
32982
21637
32796
8428
19832
28128
25027
28999
33271
20534
27337
14495
11826
18745
31269
16862
31230
34745
20599
9204
22044
22727
26779
34844
14696
16410
15998
9568
15954
28594
30768
5471
13458
25274
9531
26190
31512
8115
34868
3645
13890
26063
7823
9115
13906
18843
23223
32509
8735
34017
17503
10779
14859
32205
29458
16411
18228
18766
5906
8979
35567
11455
33887
10953
17010
25287
29718
12477
4816
10110
28668
7529
28971
20433
7259
23239
23332
28711
21517
20500
29591
22085
19158
19156
22406
23150
10743
30998
16210
19407
23295
22777
16433
31771
29925
16751
16860
11891
32596
26689
31880
28040
32838
35155
4888
3331
34772
4906
7569
23077
11852
31915
14286
16298
14469
10277
26741
24820
22127
30610
29737
28773
12270
30234
28929
17677
13289
15065
11833
29573
23966
26850
17448
28186
25656
28804
24690
28718
34979
30156
8831
14556
30111
32842
7212
22747
26131
22552
19136
6053
34212
13337
7201
13272
16263
7551
21576
33500
28563
11408
26354
13254
10651
33449
6552
14716
35578
9603
33186
8218
19055
8117
13016
20885
31276
35450
12825
3487
12329
25781
32847
6346
35006
23346
20898
26351
14193
26159
17644
17617
6669
24603
12141
17662
33268
31133
20673
29686
10165
11992
33550
6031
31969
8686
15234
32152
20507
32450
28413
7613
30575
19459
12042
4778
29925
19814
4884
11892
18773
23346
16855
11828
27004
21250
12052
20725
35152
34246
24969
21968
12689
18188
21792
9557
21409
33150
19815
10797
20373
29867
11328
7422
8332
32778
8410
18319
9023
7995
17119
33581
10970
31633
28143
30285
22539
14030
29006
21874
26200
21293
26585
11089
25525
23718
19519
27699
34390
14189
7533
22684
5314
14268
10058
29482
5161
26322
17317
3519
12535
6460
10091
12771
5545
14931
4126
26723
9183
28934
25986
9278
17331
33241
9114
21698
15690
4654
8402
25331
20648
12483
33918
7724
32713
18301
33155
23561
16109
23140
10580
20355
32563
14318
27425
23389
18281
32384
4939
25536
20259
6962
24346
25378
20490
9683
30898
18028
33143
15917
28483
21595
29249
20105
32641
9254
13523
22390
16468
26466
4481
10439
34768
35619
13084
11227
7271
29797
33219
8993
34397
23466
8189
33498
5501
35812
15877
18209
28427
34964
14181
27433
14329
24372
11974
26055
12125
10195
7175
20272
19747
30975
32908
5123
14591
21223
13785
22922
11686
17857
35423
30525
7230
22378
8341
10631
9235
27724
17483
25037
12939
14213
10812
22445
24412
30278
19938
16259
22780
31352
24974
18994
30042
18598
33975
21025
15051
19735
13458
22915
30023
27706
10980
15836
11221
29256
7957
17600
35396
9764
7557
26078
4892
33670
26915
30270
11732
24664
6971
6343
25925
33120
30095
6148
27231
25120
6826
36136
12059
13306
8305
30799
11696
22680
12539
11782
12298
23435
11682
15886
11128
12082
34906
14173
33957
12510
18242
28006
20425
14387
26233
8858
24864
13778
35891
15407
16796
9525
17164
25376
23511
21977
11932
13941
30027
20387
28235
29380
18373
22141
8806
13048
20247
20800
18291
11857
7949
6102
23490
6060
21923
27808
33605
33285
32117
9493
7585
28218
29815
17836
33413
26129
10982
5372
22587
18557
20095
27170
14461
11037
13806
14948
6025
29958
8329
10772
8568
5826
7742
9398
33227
33688
13258
16485
18759
20494
3884
28786
26115
6573
24666
19279
25023
7172
10802
26539
23159
5872
8115
5343
26936
27162
24941
29321
27443
35264
12086
11126
24848
12473
25119
22470
22660
29619
17063
19018
5158
6592
3886
19761
25982
24081
18092
4580
27999
32512
35746
22574
13943
15956
13137
4256
24101
14017
21803
32308
16266
10927
28295
6960
21731
12349
28312
17741
17174
24196
16032
29977
17290
24608
6753
33946
24636
3821
19668
18740
13840
32014
9502
33996
12645
3892
14272
29230
30955
35868
16398
28844
31417
17754
13794
4872
20378
15702
27537
5525
26792
28308
18462
32664
15133
6200
29102
29684
24165
13257
31804
29959
20600
30773
28814
8143
21606
36373
16232
8785
7987
22835
29951
28987
18150
31561
16560
32968
10205
29708
9458
34020
13411
33385
25482
31889
25221
11023
31230
35977
11297
34861
16971
27940
21823
18045
35802
28541
27812
29569
16561
24016
15013
33037
27367
15143
4666
8709
11866
9782
14419
25704
35492
25475
21871
11405
31050
21194
9578
30125
15415
21407
22934
31650
28777
23893
24846
12782
14571
19999
35655
11263
5635
13685
14568
23218
15532
7609
3804
17173
33350
6427
24485
4721
12429
5562
16115
13192
21960
15627
29557
18715
25922
25215
15087
12719
15358
17760
5261
30865
23975
10748
34167
22552
32198
36358
35749
12586
10552
31801
13045
7169
9182
17214
32890
30255
20118
5072
10263
4576
10602
18974
16461
27232
17928
26225
26706
33245
15986
30990
5219
19565
33783
34142
29786
19539
6754
8268
10371
17278
4977
19951
14508
7762
24201
25193
33147
31659
16551
27151
35845
30239
34970
23754
33691
4740
21360
8380
15847
30642
29998
8231
35129
21386
22980
30347
13595
4408
29247
30991
35115
17588
33345
7714
7722
28559
25006
34914
19792
33516
34473
14525
10722
17101
27583
11222
14599
28304
9825
26282
23512
21177
16792
13939
8118
10225
12532
10189
26848
25423
28614
30999
11076
23511
8334
35868
9622
26944
16567
6898
21152
24571
17538
13347
34009
36464
12097
16907
24632
8075
31685
8577
9802
34423
26905
35770
34947
22441
32625
22377
29906
13089
24925
21803
4215
9196
15682
19235
21785
6382
29451
21473
33811
23262
16924
9353
25616
9106
4999
32305
31959
14973
13443
20106
17768
14966
5402
17347
30791
25786
24353
22442
33304
9525
31085
5653
15980
11261
19268
8832
30427
16416
21522
16631
22611
12191
27485
26167
21167
32954
15611
4880
5771
18542
21891
32525
9559
19005
21249
22103
10155
17709
36334
36567
32218
4627
20063
6299
16074
30481
24956
28027
6403
21598
9012
17404
18949
36421
20527
26996
8159
22641
13316
34671
14589
18023
34733
22610
30274
17748
5176
36670
21335
25353
28094
30519
6466
34372
23193
36230
7994
31793
15058
7003
36281
32560
33753
4791
22484
6873
9337
12937
24264
4413
25866
13848
29653
9583
6121
5024
11343
28484
11813
36416
15346
7254
33915
7955
18806
16975
31877
31134
29027
9828
13870
12138
27431
7711
32105
14065
33893
28002
16419
22975
26257
17833
8309
19921
23226
19087
30495
32321
32678
16276
23090
18213
9764
17181
31756
10420
18334
15036
30345
13738
19182
21682
22136
16622
35698
17074
31564
36466
22115
4584
7956
35675
21090
17466
6830
20835
34132
36558
14903
31099
27760
25036
13765
33204
23190
7525
8793
19039
4323
6164
28431
28275
17794
23075
17048
31536
36037
12914
19690
19202
22644
34932
24886
34728
33125
36730
27675
6037
36684
16180
6681
31383
13013
13684
16968
22966
9712
25910
26954
20063
26220
14046
28798
9410
32456
32192
17782
7544
20806
26341
9644
29289
6464
17676
19056
8941
5823
24048
4389
19249
6218
7369
29613
35549
22268
19989
25890
16115
22746
18584
26311
4858
19811
10146
26942
11613
6248
31376
19963
31502
32541
36245
7416
24174
11121
12219
17066
17777
31131
6692
27189
27389
17397
23702
18396
18324
8462
29495
26555
30003
18426
27028
21688
35450
36589
12008
11191
12556
14345
32668
28429
31545
32883
34826
11831
15579
9644
9350
21965
27517
21791
25247
15281
18883
14838
10146
15244
25094
7474
8288
30587
5182
19451
24113
4357
15141
14388
17721
28241
11417
34643
12266
24469
6466
33648
27594
14546
36726
8859
29559
13247
9561
6259
35304
11778
36425
9717
6901
6054
8057
7057
34074
9674
34779
16771
12408
7574
16196
6752
5916
19316
28875
13295
8836
31356
25714
31291
33375
32815
11272
16614
24725
12393
5965
30400
5767
19857
13144
14232
18328
18707
22838
12371
34028
26640
36820
35131
24176
8276
17694
19097
34074
16776
8809
28549
25202
16040
32782
6909
18769
11192
15448
9013
9192
17331
31137
26414
17157
35525
34743
8842
12946
24761
31877
13215
14174
6069
16367
34762
23073
25381
36605
8709
9146
13045
14908
28604
28346
20227
9057
24541
29222
18132
15920
28719
27001
35206
6300
9444
32233
14853
11824
7793
21739
4994
35501
16797
26617
29217
32757
9688
35219
21490
29479
15823
15236
26147
34060
28221
14950
29300
6578
34564
25192
16618
33622
21116
20815
16840
21639
12043
27067
5051
7561
26358
7084
14933
6392
14966
5700
6332
35757
20495
18127
33956
23526
32541
18688
34170
9120
10416
11389
5090
16968
4761
13215
28004
12691
30917
28530
20578
8619
18634
23812
13390
8331
15296
26588
21018
20652
16978
30152
37103
29409
30484
24540
11041
18303
35608
31927
8035
35522
24764
8200
16951
36972
18629
13137
33705
17071
5554
19435
15677
34893
31050
25163
7206
22014
24696
36483
31672
28434
16728
28171
17440
6487
36754
5826
8531
18493
19175
15152
9796
33592
23561
25614
12378
35686
13232
25352
7969
33906
24554
25281
13376
9400
35762
14360
12203
12458
7365
22698
31769
17778
25521
6807
32697
14041
4655
8586
25888
33895
27570
7411
28806
10699
25664
15255
13619
20094
8577
30795
16180
6308
4630
9212
34130
10035
36651
20723
14149
30550
15440
33623
15396
14612
6532
19188
29984
22317
31635
10810
6258
13892
24227
28297
14482
28483
18185
23980
19370
35068
9313
23715
18250
29964
27357
29605
9309
21509
22237
21349
24412
17612
36544
16277
18625
17215
5882
33448
14783
23067
19559
20189
33072
11293
22752
12409
7375
6248
22027
30035
4775
32295
4727
11670
32459
25459
11496
10691
10568
33655
31215
6645
14424
34770
26558
12905
21208
28988
21563
31037
18172
29549
35155
8568
35138
18491
21393
5963
8100
15874
26351
8599
19730
34120
34284
15534
37151
33185
7902
4702
20475
8657
21386
13100
13985
33585
7922
29917
12113
25684
36206
6715
31297
10985
15102
10261
16016
32995
35807
35720
10107
19672
21340
30077
25043
35239
23783
36723
36270
16734
35688
28031
30814
12123
33493
24976
12959
19889
36867
5112
22292
20941
17084
34088
5365
23641
28177
23739
21250
24672
33521
10679
32443
34227
30971
30735
23506
35468
14737
24428
26593
26738
16686
28460
9817
16476
27385
7083
26810
21017
6810
37058
26378
33519
14412
36238
15488
14211
13107
11635
7296
34040
32241
16992
21452
32091
14708
9300
27128
6975
33297
6689
30494
37028
4823
16240
33236
32030
13085
35845
31067
20275
8798
24644
8217
21764
30279
15092
31305
16432
7949
31812
5362
8437
34308
23051
14613
7320
31342
26964
24363
25351
24720
24858
30415
10174
22284
31312
22199
8679
18026
37157
26856
22469
36600
27525
26410
14674
18644
18659
15290
20007
19015
7990
23104
31389
26708
10561
9472
8242
9617
10776
12884
7470
17206
35296
34394
28550
26740
12246
5354
32512
21512
15763
8139
21144
19471
36750
17702
13602
16412
9954
21050
36146
20872
24657
11858
27705
13833
7305
29172
6384
10374
15783
32348
6394
23594
7674
10537
32197
9656
25609
20565
30897
20254
22487
27242
31348
18764
7525
26355
25021
12358
30841
29489
32023
21880
32158
30480
25616
17483
21612
24153
27547
29941
28425
33321
14772
8597
23280
18082
15426
29055
36593
16608
34625
28372
23161
31023
24096
31319
23060
7547
27752
12667
5424
14344
29087
31425
10532
15971
25708
11328
9585
35992
20732
32901
32071
8357
30371
19870
12875
10799
26823
12914
7319
17012
14074
11860
29698
24705
24678
22231
32418
23972
5742
8163
34960
7717
37522
27144
35051
12849
33683
19219
6176
33559
21976
17631
7016
24759
23313
24174
18834
33590
5402
21304
27906
21751
10274
19651
34554
6343
14348
23156
14360
16472
13589
7077
37408
34545
23480
20472
14076
9315
27599
16874
26881
11327
23290
16299
28788
27974
34372
5677
31309
25889
9988
17018
21562
7251
36610
19788
10727
32363
28635
34007
10109
33406
12711
35050
9577
14292
7384
23862
16734
35554
23397
30189
34973
22136
5417
29328
6004
5436
11142
31490
20996
18263
22605
29408
6728
24686
13282
30485
10067
20948
26267
22952
25049
34046
35178
36825
27121
23095
31164
18029
10777
32660
9376
36934
7035
13355
36140
25398
8047
19328
37404
22293
37440
34112
14013
23313
31539
36146
29450
21830
32197
14186
20244
24719
28725
19648
19879
7323
15170
31616
27178
17475
26422
16483
11719
32282
31267
23486
8140
6982
35693
9978
5457
14479
12424
24132
9244
30134
9987
12933
15553
14088
24518
14229
12301
9522
20376
33452
9125
24407
10468
36121
14827
37728
25276
12086
28961
28820
12574
18331
32209
10344
21110
25234
9324
29080
22117
30155
22065
16758
16833
33873
5456
12162
13277
16061
25680
14140
28938
29610
17582
19510
30301
25704
35015
29805
31411
20981
31991
23769
33011
22056
11267
7235
24467
23856
17076
6231
24926
21309
22213
16634
25460
23165
5376
5598
5266
7498
6819
10835
14739
37026
32264
7008
6967
15063
19077
11282
33060
21127
29586
31764
24106
18895
33577
35968
37323
6588
34675
34549
25339
25090
33696
31466
6180
12529
26646
34113
20589
34724
21967
5663
33340
28284
12540
18684
17145
11725
18159
33526
15382
32470
35639
19307
29004
18679
12301
37574
15399
16158
7663
23449
8388
29059
36490
31213
24538
10133
20189
23766
27127
5683
27804
5706
6156
17952
21202
5426
19756
16049
6603
17858
26001
18633
36401
35846
5856
24071
13173
19646
9645
6206
17776
30828
5186
13606
32075
19627
11932
33361
7580
16322
6071
17760
35281
19065
15372
29814
27858
33836
19799
21229
13026
17693
11165
17992
23238
17166
24430
30569
25130
23568
35176
37893
20800
33686
27388
17492
10666
34253
27765
10509
15514
5424
17461
30097
11320
22103
9026
31334
7236
24079
35586
13288
22012
21936
12355
12603
25408
14763
36734
26500
25844
26211
5725
17753
10406
26430
34426
6774
16752
15355
30058
10161
10272
34886
36346
27440
9879
24969
30392
31961
37487
12038
33206
36618
6881
20515
35210
26506
11749
32004
8089
25792
14490
5471
28566
25379
18153
20876
31813
5874
18021
35292
6533
11813
28790
34860
18317
20131
8119
6074
21366
17589
38044
18231
24826
30139
27992
37149
16763
27422
21758
24130
15430
35205
11750
5806
11290
18508
15186
13481
5604
32050
36433
36377
7373
36945
14820
18443
30582
11348
37472
10384
19074
16100
31763
15050
35926
23907
36138
31046
22044
25053
34514
29324
17934
21563
27038
7157
22257
29626
10537
18109
20703
29852
17148
27481
14154
17950
15538
16139
22590
29865
19802
18355
24806
31820
13852
25064
6994
8042
36384
27975
14711
5552
34219
37643
20856
10058
25739
23263
28452
34903
18358
33264
24255
34970
25134
18501
5381
27506
17703
10323
22636
31756
29548
11468
36778
12759
17407
22713
22903
31032
22527
21960
20884
29824
10191
23783
9996
18715
27509
36113
26554
19721
25152
9320
9483
10387
15790
20357
22021
16438
13196
33548
6792
31460
31583
37763
17364
14444
15107
32612
17996
35894
9874
8048
30842
36915
22408
12615
17234
25620
7972
28726
10171
11450
22545
12368
15691
10222
31557
12224
36434
10323
31786
37469
29979
36248
12283
15231
24174
36082
17521
31249
5465
24010
35232
15080
31793
7859
37659
13651
22227
34462
29791
17908
35375
13905
7279
27598
29960
15893
38075
7070
17909
11183
10054
23919
29356
13458
12296
26729
13439
20563
7570
12522
11815
22365
25840
7384
7873
31206
27859
21045
17942
8994
13296
21491
24095
7350
13987
24842
19913
34415
22488
18889
30965
30260
20779
12137
20931
21561
28238
25064
36624
18294
6059
20501
11325
18008
28747
15847
5682
8118
35575
13586
10659
36870
31389
25564
26258
14033
16885
24109
32022
32868
26211
29926
5978
22473
10784
6004
34024
13557
12693
29605
11048
23363
6151
18362
24355
23585
14201
6845
35981
12809
10190
20245
19971
34740
14639
17239
23185
32650
28076
30047
27767
36700
13862
23456
34093
17493
30316
26808
12964
33582
38052
27975
14799
6306
6125
19458
19042
11810
6722
13315
8154
30409
37281
21859
13245
10386
13421
17419
25891
38345
32018
31943
14709
31423
37095
16541
6773
21442
36440
14940
13694
20300
34372
8823
24589
12411
9380
21780
9601
13761
19566
36449
25119
22493
10937
16679
36697
29962
34081
15265
9552
15478
18285
36494
13719
28149
37999
27269
9018
16887
24108
26505
7167
36280
18749
27357
14059
30646
24437
7961
23560
20584
21956
12926
22886
25389
26971
20359
18784
21379
6161
33728
11808
23161
14342
35035
26214
30823
12934
9217
24452
28380
26160
36710
10414
5848
29783
8736
19312
26427
32168
10809
36224
16254
37389
11523
32694
19105
22482
33195
32345
36452
11783
31249
34460
31418
20005
36311
34152
36219
12532
15289
33628
24153
15019
38172
21011
10005
29273
10217
7845
7155
18565
15003
36208
10347
12561
36503
17176
25633
37989
7356
32460
21527
23497
32828
10699
19489
7441
33706
32807
33946
10624
33876
14025
14422
33767
8146
17078
24279
33293
24543
9617
22212
7507
22632
25440
38038
13976
27619
34195
10645
20827
10722
20290
14083
35359
31720
34486
8599
19476
38011
30763
6445
35315
21626
38356
18619
32298
6833
22816
17031
13881
12715
18748
31895
27996
20423
19161
29033
31338
23950
7471
14565
21757
30276
10305
11664
30163
22205
32867
29186
38516
11891
17146
27290
37909
34517
12420
32624
31165
13537
10200
14987
30118
35060
26286
38485
15846
12513
13153
36939
10318
32833
21492
21497
31123
37643
30292
37414
12203
32357
28124
22604
19322
33721
27166
31819
23982
31242
35553
28765
23272
24969
30054
37709
31516
21859
20208
20708
10298
20446
16514
9893
16398
29860
26603
24762
11621
21854
23040
9005
7281
25733
6697
37723
20078
35445
11039
13734
20614
37060
7411
21355
6642
22481
15443
32052
21859
35488
18185
32046
22944
17637
18884
19933
38256
24414
35611
26894
29370
22118
10191
33549
29931
32456
17488
34329
38552
31953
30595
25109
10853
12713
21187
33920
17189
37603
11046
36007
26434
8274
34817
36889
37727
27678
23214
33628
20541
26904
25484
6878
24539
29515
26696
14382
17890
18131
8027
14188
12095
22771
29908
12543
32018
18273
35928
33669
30407
20964
9319
14864
26498
37409
16096
8847
10945
26034
13000
10378
27709
15993
35655
18451
7953
19764
22515
11513
28701
14929
21074
21054
14253
24835
31897
13771
11862
16533
7610
29795
26913
6143
16030
25046
24812
24503
36015
29047
35084
38345
17818
33487
14647
36906
36947
26259
28322
18761
26457
12244
10342
23272
30779
9590
25384
6954
7259
26595
30713
36845
20210
7936
25211
11353
17492
17505
12869
36025
34422
23993
11145
9354
15021
15252
23284
37586
29880
36936
8406
37044
15105
29480
30595
11840
8224
9212
30969
20880
38305
8878
26563
11280
23559
28486
16157
6685
13328
34328
36440
8402
13627
27708
9088
32286
28040
24639
18749
32538
11903
33560
7159
37018
11123
36190
14909
15875
19720
25784
21608
37468
24051
9620
24443
36775
29953
29980
28494
12401
16475
12133
31724
10152
38408
17898
38457
21165
28083
25146
20440
37290
10159
8429
23115
31270
17720
30940
8540
6102
30204
8850
25788
12214
7898
37885
38123
14681
15849
25705
30551
33405
20412
11440
21960
12515
6628
14250
15611
38494
32439
38635
36493
35625
15952
28590
27164
17021
18647
37900
12712
19811
34307
15474
11583
16328
13788
30033
37337
11215
20166
38167
28545
26475
31931
20063
19125
20524
9688
12900
25872
33113
6171
14268
31014
12352
17515
6467
28080
8906
10968
8533
17385
29778
23589
13632
17719
7351
13443
13560
13326
28080
13216
33549
33809
31328
38368
18651
23931
7467
37610
19201
28606
36807
25959
25108
22378
18838
32774
27540
6991
6195
37828
18206
34022
9803
19306
13284
22509
25774
24663
8795
11602
35237
27775
20019
30034
6791
7604
13452
25826
13191
11813
14951
21070
33232
17956
38746
17696
9172
11052
22665
15683
25568
24610
36817
30056
33012
6875
33606
9385
31187
13023
28896
33644
36438
28012
14961
38795
27397
19134
36314
35762
13032
14478
23935
38408
23451
19929
15608
12817
36769
29666
30218
12755
35578
8314
27093
27191
9720
34175
37454
32435
33358
22947
14320
36902
36458
7790
12207
21251
21253
34695
13614
20658
16120
26415
13617
22579
25937
17422
7253
25093
24998
31794
32255
27462
22185
6485
10130
35867
15101
14942
29669
19794
26696
13867
29428
33094
8330
23438
14805
9219
32173
29333
28398
34475
32605
25359
26214
18969
11033
9291
25305
27843
29322
23075
20048
28645
21524
17209
32624
22492
27052
23681
24305
35791
23017
24064
33106
22677
24413
29907
35019
6867
23077
24178
25476
21605
8127
18742
14852
12544
32028
7705
8684
15893
7926
38846
26853
23032
21604
19121
35799
7745
24492
33519
11868
18803
18776
6825
9844
27611
27020
11845
28794
23483
7062
20902
8022
13480
20423
10925
7413
26161
28545
38143
20214
38337
18322
13065
29606
22471
27840
36930
19247
33811
20133
14512
24844
10627
27838
27054
35264
25824
25022
16364
26824
7939
14632
34487
37582
30268
17180
35963
8223
22260
23153
8326
17247
34704
20741
7694
14460
11161
30289
10358
8160
33306
27713
31949
6635
25418
15938
31896
13984
16747
28316
21969
36254
12530
28162
27695
37458
15336
12647
26536
30828
33936
23060
35893
15503
31562
9208
16085
9549
11191
36415
23508
20562
25886
29222
16973
8159
16911
31757
14574
7291
21318
15053
36859
7909
29137
14669
9365
22092
31862
22096
10557
32450
33871
20113
22420
23535
11447
11538
28516
19458
17002
38321
9956
34541
19943
7676
28728
24018
9497
10310
14392
36536
16439
29947
33394
32899
21993
24112
34418
31523
33452
29054
12865
12299
32631
23569
13867
9957
11167
23804
32197
25220
28152
12751
14895
21018
12605
12652
24983
25259
32689
35094
18430
17601
33287
20427
13631
14946
25983
25556
7245
33087
27987
18074
22460
11566
13137
27323
36739
34522
23497
10333
11264
17081
16553
19395
31292
9279
22503
29214
25969
24914
22815
10405
27081
23037
26238
33255
9321
30824
15582
38240
9390
19720
12082
7499
25270
15123
28965
9912
32547
18743
29950
34782
12315
27275
24775
37042
32659
21446
24238
10681
16078
12463
19627
21786
21280
19924
36707
17911
16376
35455
35917
33277
37406
9958
36627
16698
36920
17058
7739
32815
21651
8034
33542
30759
13344
31713
34968
29127
38589
6933
13914
9701
9398
19370
35229
8350
28044
33710
29312
23202
27637
25742
38931
31955
35619
15169
10172
33295
37193
20675
13274
11081
37724
7877
26025
31199
22039
15523
34406
9255
16449
39062
9139
14411
16946
20779
21308
24920
22164
17139
22939
33425
32871
7804
14457
7433
27207
6785
26614
13169
35570
38494
16203
8238
29445
16582
20654
37295
10246
38584
15479
8445
12455
20143
16256
13971
13897
33818
32977
12657
24512
14091
25213
33900
18774
29747
22983
15816
15890
14606
37513
11528
38458
26715
25047
6917
24342
25295
19423
18494
12279
38922
8467
9583
20600
9162
30347
31333
37892
19295
32164
28432
36504
28511
32494
10970
34506
17818
31813
32311
18699
28496
15933
19069
16425
16290
20676
7159
30488
17991
13058
10804
26609
29312
16004
12965
15419
25166
35226
24936
25194
12770
18685
15454
7333
24405
29877
17539
27852
38553
13370
16767
33210
31152
21978
27512
35271
14619
21850
26411
36497
37014
13792
18491
15869
31746
13073
36296
17528
14499
36214
19780
7299
26251
30244
32642
30574
24150
23964
9232
9059
36632
10736
11975
37543
30868
38951
29600
26653
38319
19683
33994
11532
19236
22593
14073
37921
11896
12545
16384
28088
14641
27367
9122
12631
15427
11360
25253
16507
10187
10089
8233
18072
31487
39341
12600
23131
28773
38893
19102
17458
14916
10405
16635
36366
25433
29165
36630
16488
10186
32413
38516
28802
23136
24244
20010
33775
10736
9979
21487
19797
23322
37861
37749
26226
18998
21434
30714
27485
18828
15348
23578
31502
12227
28138
11239
8481
10909
11947
27963
36055
10721
30253
8781
14686
30360
31143
14979
27474
19067
13627
34183
10115
31661
14552
23709
34553
37030
15455
30260
35893
20591
16132
38842
23994
8981
13816
39349
35276
22104
36421
29200
14200
39587
34297
14514
26836
19521
8326
23126
12936
23757
14953
28054
35981
28906
32778
24136
8245
34357
19427
25358
14188
13688
12261
28969
12605
25889
11799
8846
8088
32754
25729
16956
29266
33785
12360
29388
21357
32195
35866
9034
39066
17357
11724
17987
28156
34363
10050
32543
7727
34508
36496
14769
7049
36110
29022
24589
11935
27342
38801
8858
28171
9427
22824
34408
25453
37836
35683
11715
33200
37254
18731
36616
20623
34402
39598
36279
29015
27399
16458
10698
24814
37460
9388
14661
39700
20376
14905
24591
33513
19718
18348
14848
13487
9827
26625
27451
9426
7170
16787
35518
12325
29170
14465
6967
33135
20342
8277
34329
28710
12981
12520
19696
15482
19635
17024
25842
19606
22912
38204
28886
20258
18608
10162
19689
26380
18954
24790
8542
17544
37509
37150
28389
20309
28016
36579
18816
17986
28144
29195
13714
30706
21679
13029
23353
30940
32211
12372
33758
31381
27437
24880
38411
10322
16051
13545
33660
11433
14641
26477
23928
17559
37179
19532
33634
33735
13926
21786
8075
11793
21688
22294
26186
19010
11356
21512
19279
21019
37274
19056
8500
9116
10503
20700
22357
38786
13305
32922
18914
24846
33086
29583
22578
39688
22030
22887
13658
9732
25405
26607
9983
15332
39605
10942
9832
23710
31012
30235
38871
30783
38898
33051
35866
31280
39798
27402
16477
39352
20841
12300
20546
37827
37787
20740
20020
12770
17124
12981
13816
17042
28254
30760
28036
26305
31441
23629
18453
22670
24175
20196
16252
36689
17602
22686
22456
25819
12002
35456
24778
8191
25579
31881
35525
34897
17838
8084
32805
26413
23975
26240
31329
39419
13872
35469
33988
39346
21491
28425
24952
39835
25509
26669
17636
12120
28658
26946
23352
32292
13235
24071
19525
36700
23655
13143
12691
13887
20705
21255
12973
36082
20542
38670
15296
8390
32026
30696
33380
13246
10500
31292
19642
14156
29742
8124
11959
25692
38249
24396
12735
38035
24145
26727
39542
16601
20421
13759
16595
18709
21147
13092
11894
26935
26769
31399
30523
32636
27014
27903
32783
34797
8426
10540
10242
28970
24435
10074
34718
11877
21777
31495
14967
10929
18213
32872
26372
33149
30446
30985
30893
8283
19523
23477
16421
13831
39048
23445
28154
37540
34267
27291
39787
23880
34446
15138
21881
17083
22746
33998
24129
33148
29393
37050
39048
30469
27285
20690
20888
37456
11976
34429
23883
20378
9027
15488
14437
8551
30219
38943
9510
27334
16512
17796
30240
28374
18648
33637
31559
22921
30668
37346
17735
17832
22161
34988
13082
25624
10506
22636
32217
10331
30780
31587
14034
7769
8450
39245
27612
19809
15106
8844
26087
19563
27615
9858
13783
27552
31409
26943
33683
38684
14258
31836
21336
22258
35897
24358
13652
36976
18157
27136
37744
27813
30770
35074
37229
34849
29416
35302
13106
20476
17749
33061
15716
12314
15967
35421
33848
30380
21247
26614
40069
37114
30706
17925
8990
34145
17330
9328
36446
20119
27812
11348
15876
31799
30611
29859
15681
15481
10845
31250
27408
13120
38636
20018
31942
16987
21096
16860
36586
9988
11435
36563
14406
37037
31734
17573
21310
38141
20706
31954
29025
9493
9881
39472
11582
26647
25413
38798
20089
7913
15561
10648
29726
30006
21936
14331
14644
25526
9826
29129
34710
34736
34462
33054
36094
37821
27428
8708
34403
15822
11186
8340
21893
20080
25906
33374
38086
13647
19506
24331
7483
18169
33684
11329
13059
34789
19335
32967
19415
10420
40118
37610
9187
38838
33727
30239
38100
19376
20710
23529
25395
11229
28683
23549
30193
14642
31961
34725
11331
23782
26433
19554
17840
32818
15398
27093
36967
20822
26202
32479
20951
23004
31690
29192
7546
18976
27381
14621
36337
7696
40099
17437
37974
32561
24019
36695
20942
34787
9717
8396
12125
19429
36185
29914
10239
18971
34792
7708
30964
11151
14354
40076
11355
29623
28167
12266
12802
34294
10026
10594
31357
9316
8642
32873
18549
19410
22771
12008
11331
37129
31982
39068
23997
25427
15204
33212
26704
22589
27712
22749
23888
25754
30357
22548
32907
9931
33237
16730
8996
9790
18245
14900
8351
11317
38829
35475
12856
39369
26964
17144
35961
24366
33323
36317
31499
30776
37449
12369
28365
37406
21143
32226
12835
15999
31693
17343
14225
22434
10653
28446
13960
31234
32301
29404
35455
14090
39371
12387
34886
25885
15069
26577
15767
12505
39446
29527
20207
21405
22256
20958
26523
37704
34902
17649
28694
28484
17824
34263
32402
7876
15301
22015
13781
17481
8908
28322
34374
31339
10116
37795
34120
7638
40309
19898
20166
30867
36118
36817
9487
12937
29249
19374
17125
11075
16099
14803
37840
8435
30200
22690
18105
18615
29367
26309
28339
15388
12297
23757
9756
24545
9280
10777
26597
10237
34054
14586
37678
23778
34707
32276
19734
17924
28964
38664
13521
23957
35752
15440
7675
29075
21180
35434
17707
22021
27865
26168
13004
35970
17612
32935
16424
34034
22375
15759
29382
23449
35191
33242
8694
14417
39414
11497
39594
13078
33921
16691
13703
25032
26636
32815
37692
29485
17876
32117
29459
31542
11413
27936
22469
21635
9213
12662
28307
15144
27745
27595
27794
33970
26288
38050
22087
39269
14501
24342
25971
37576
33088
27512
33072
9060
12662
36154
31805
11208
23848
10251
36247
8400
38994
26692
14153
10023
13445
23171
36740
34827
29335
9877
8178
25424
31897
29082
20296
17064
15369
11107
35099
29217
24649
19231
38900
16879
10576
16183
26022
38252
19104
38006
38367
25437
31351
39021
12030
35703
33098
31510
17700
9506
23919
13239
23438
11132
20250
11529
28706
10913
24714
31898
25927
21034
16004
10608
15866
37107
29953
17903
24607
40482
25636
24829
20756
37732
33134
37475
8332
31866
14645
9846
30107
32757
33874
11512
29197
34109
34331
28473
24572
31704
18065
37249
23970
10217
23770
25522
31595
38903
40433
9514
32846
10224
9116
16359
18526
13678
16286
16110
29084
26936
12078
33773
19216
14860
8873
32799
14872
35996
28036
29808
35327
38102
29316
31970
22993
23656
8241
27439
40046
37508
37256
13488
24286
35040
9968
30589
18660
33282
11119
23254
35798
13498
23070
20161
13227
10480
22490
28405
36438
20895
30013
36087
40275
34850
19660
9603
17791
19631
37234
17709
12588
28705
8494
8264
39029
35578
12296
25095
25551
26024
8009
30434
23777
13831
21739
22075
24982
22056
10063
36674
19824
22609
12590
40214
36127
40004
8658
17965
36946
18884
23942
35573
36301
21590
33355
26555
19899
27717
9420
28109
28230
33000
22932
30683
22118
14375
24191
32163
19190
32572
30830
19150
23053
39095
22847
40212
37003
19397
8701
28071
11762
39089
21843
27087
19064
38571
20039
24273
9050
24265
36645
40214
33138
10315
31928
38537
28172
31267
22976
15425
10742
38325
38561
24416
39638
32475
18777
39227
8896
17708
25012
32443
38408
29310
28099
8963
17237
17065
33418
11602
16887
34958
40185
34347
31355
25688
36638
24500
40316
12034
19864
40285
31932
16154
12623
24257
31347
27332
33122
12753
33510
27393
22881
12335
17468
33841
16317
35800
39053
38871
32892
20230
22077
33693
8241
21333
31368
29080
31532
13348
25181
32204
25838
16446
34160
21747
23520
11962
26507
12410
9540
39711
13348
21453
25963
36044
14389
28372
34856
36247
11848
35261
36230
37813
37073
24061
36534
17114
26305
16529
36683
18592
15960
33162
28330
22573
19003
25800
36283
35088
21702
38918
31973
40301
32163
18967
17978
29530
30108
18286
10222
9608
11437
16356
21262
40742
9822
39350
33390
9986
26704
30157
32228
9714
14101
18755
23987
11378
38212
12322
8778
31630
14541
23919
29743
38147
27275
19559
8246
38561
33816
38664
9206
25843
32741
38355
24189
26914
20362
11473
14659
26135
27738
27092
23901
10464
22075
22527
18675
38997
29877
11400
22772
26619
36424
12477
39688
29224
18947
36165
31687
32104
28498
23209
9512
28960
22552
39699
8508
15729
18685
33109
38172
31327
9226
10540
10272
33331
10611
9414
27473
35613
15027
33667
21793
33822
21470
13817
9562
14629
12083
29498
17749
33401
18161
33625
30828
33622
10605
37674
28849
15323
21344
30026
39905
29220
33925
29791
15507
14003
16996
39585
9141
34836
32104
37530
40505
22976
35896
34089
27404
33347
28996
39117
19784
21658
40606
30240
36522
26847
11276
30114
34374
22568
13147
23224
30585
28588
18166
16373
23840
40743
14007
39063
29959
9856
38652
27477
40869
18089
15870
10840
26630
31176
11102
19591
18440
30356
36353
35847
31946
33537
23582
28162
32610
23071
12693
30632
30158
10559
26755
13428
12333
26713
8211
29105
34352
37290
9623
21308
10443
31905
29655
9611
15408
24572
15528
37102
19965
16175
12481
37397
31668
18181
31179
23507
23917
23945
39607
34337
35015
26919
10836
11878
16420
37647
39969
27894
8726
35034
35680
17368
27924
33136
15467
27340
11122
35113
18507
40076
23440
22834
9863
18771
26705
15923
35130
21148
34254
21038
16232
13356
17996
36267
37266
15954
31596
29714
19592
17774
14242
24408
28287
27312
33768
11997
10851
25122
40372
23957
13679
23017
20775
17255
37626
26312
17287
34258
21140
39397
16879
31702
29777
9168
26693
35090
26469
10433
13421
13354
22257
10785
22972
31851
14621
10572
26800
12978
21607
26518
40670
22921
12091
26508
29483
20628
40387
37756
12863
20268
25088
11575
16183
29257
37402
27413
19610
24997
14580
26170
8591
20510
25860
15896
16205
23388
39266
38197
31442
36533
21790
19246
24280
36173
9431
38909
27141
10114
29321
27767
32098
24455
34727
15384
36622
8526
30058
37891
30004
12716
22376
9029
23866
39096
9320
39002
17211
35700
33141
30706
32184
39087
19249
20725
12682
40233
18796
29124
16923
17145
16629
33474
37334
36908
22448
10771
9948
18607
32489
40099
34809
10095
22504
16490
26070
12990
18118
17391
25712
12281
10111
20235
39112
31335
22855
12528
36573
16741
37922
12137
27607
29120
15535
23396
32901
20067
10820
36525
24585
31794
37696
30460
20178
34101
37789
21042
40395
38649
33221
16352
17874
32819
34215
19465
22380
12711
9737
38697
37559
17992
16416
16245
15264
22177
40286
28517
32341
39795
39819
13680
30718
9120
39703
35094
14248
8519
10159
8484
19329
37425
36622
32564
11851
18284
23062
21619
10507
36917
23583
9127
32001
35868
19599
17520
27101
26722
40618
11213
25648
36006
35756
40419
36897
31424
33557
11514
21601
26094
30021
10697
39265
17710
11336
26867
35010
25834
9971
33233
24845
15322
10800
27250
12708
34599
31894
38112
37624
29132
32829
29093
12029
19266
40656
31630
11739
37212
15331
12463
23271
20848
8583
40103
38353
9399
39708
22566
25630
19446
12903
8620
14041
11870
17125
29587
14470
16305
22366
15183
14168
37287
34236
38389
32676
38032
15646
13818
14996
19258
14889
22077
9504
30229
38302
24136
13114
31125
41266
39891
29513
33752
34458
13706
17881
13705
23781
15121
15761
20996
10254
30276
15205
15035
30418
25027
39693
14808
37567
26798
33717
24612
30350
21421
12534
31271
32434
34612
18437
24721
34865
30469
36138
10200
29107
29430
36212
29475
13016
12532
37036
28263
32207
14408
26503
13263
40741
37401
27167
41058
36826
25394
15012
23520
28090
21254
41039
38892
19946
25585
36504
19056
40386
41153
11433
26430
34266
17269
28946
23795
33640
14661
9662
22817
11209
10210
26662
38829
20061
22526
31172
16757
26776
10511
29899
40502
41046
29264
14613
40366
14447
29961
9565
31741
13196
17425
28846
34129
39225
17553
14363
15554
37179
11274
38065
27259
18723
40858
19882
21787
22563
22651
31459
10843
38177
29132
11153
23280
37642
17300
25903
28083
14185
28420
36539
36351
40760
32764
39969
22874
17909
18385
36344
12376
8953
21838
39276
36541
12550
11768
35963
12002
37919
11414
16997
31834
20892
10481
15453
39380
20093
19673
12933
32323
34815
14952
12569
27965
14957
26507
38378
20129
27193
21181
33295
10621
33611
29974
37847
17967
33433
38277
32002
15306
24056
24922
18736
27835
40497
28167
26777
13996
24408
34855
21247
22952
11097
29631
22241
23168
25300
33220
26866
25710
10283
40670
34761
28153
32985
16236
34778
9496
41221
19656
23461
26266
38230
30668
11309
17605
16138
38037
21932
24894
22082
25478
40069
40489
26272
27536
11898
27280
31252
18865
17439
11785
26099
39355
30350
38803
28234
23639
40285
21442
13169
32329
18637
28188
40419
25846
11332
25026
15436
9251
36094
40275
18404
16639
35071
32269
17148
9828
19020
34357
26070
11866
31322
21177
19898
25821
35271
37909
41542
26592
41032
36467
9478
34961
18659
25878
24389
37343
11870
13560
25122
22585
31735
17074
19686
30361
13909
16285
36244
23746
41151
27191
36802
37574
33420
36296
19880
21962
24794
9541
30583
29197
32899
9588
9452
32295
17485
12881
17700
23439
15201
17329
16562
41056
29695
32037
33263
20061
26223
15649
22417
31538
35899
10077
25983
19965
30619
11900
38884
30220
32561
24812
19586
32488
20982
32013
9802
9619
34677
37013
16169
37647
32823
10035
11300
40991
10878
19570
34727
34386
32566
25825
30234
41532
19240
41585
22710
11015
39025
38942
41623
33579
19506
12497
33810
34425
19594
36229
24648
31070
17089
36521
16635
32102
19910
36038
15521
12031
14556
33890
33463
20608
35472
14628
33368
9833
32750
37945
24334
26860
18420
16885
10216
28333
37703
21182
33997
29895
19493
25382
19983
10255
35483
36695
16963
21404
39160
13748
20049
22663
40065
19645
39879
21231
13926
20531
22899
36928
12533
35197
29232
15029
36110
14155
9728
24092
33751
22649
14683
10714
20656
40502
11975
37934
22378
18789
16041
17082
31411
30531
33115
23615
14037
41291
32638
10152
21665
21591
40082
40010
18597
25351
36804
18282
37542
38758
24326
11007
12618
10187
36965
31162
32276
29438
34199
21572
34197
18332
13780
27591
12257
15037
14824
11695
19777
20947
24197
23730
23335
33750
12509
15117
38247
21918
14704
10769
10147
38288
22819
25311
37639
31356
31891
11376
39991
10694
39336
13016
21894
26820
11117
25547
39273
32104
40991
29792
35115
33311
28036
29717
25570
12536
16253
37139
18849
27145
29919
29108
16111
30991
24191
18243
33912
24148
29836
32259
38659
40662
30242
11890
27556
24485
10011
13262
15411
20621
41001
35801
30716
10741
25890
25562
11448
16903
13722
30436
31677
32017
19383
41306
28529
40235
32065
19891
17668
13595
29433
40571
32351
17013
27180
31130
20567
13063
13447
22745
16679
22899
27181
33698
35613
38174
33287
38407
38803
12617
17499
30983
9761
16254
19361
12300
29713
28974
34706
40887
30739
13464
30337
12768
34354
39148
35054
31449
28679
15793
25433
17395
29997
20836
29268
40772
38901
25442
34012
26791
10842
36104
24809
22531
10039
13848
34372
35025
11191
30814
37785
39640
9485
26260
33229
20539
34406
14980
10641
19638
39708
11884
18232
23077
18733
34214
28869
22086
22507
34952
12873
11711
36597
30602
17516
34915
16741
14758
37193
35505
39243
18949
31615
20637
14171
10455
39812
34196
31458
21379
26429
15802
34303
34816
30668
29814
21007
22402
25002
21552
26729
19546
21237
11097
37708
10007
27659
12972
39701
30450
34391
34996
25525
37225
23915
34447
32355
11561
20047
20977
33678
9265
41241
20588
18710
41269
37054
24558
18619
15424
34088
30859
19158
19102
13193
39804
10567
26105
39150
13160
16046
28354
33559
18915
21982
36307
39814
13877
11662
31058
10454
10588
25682
32984
31310
15188
24778
9426
12726
23957
35353
15656
24425
22238
25753
29469
9388
11313
26318
37495
20542
39710
39576
30175
10545
35141
24236
37514
23543
36119
23620
26393
15808
29660
34070
20926
23044
26874
11651
37281
32347
41588
38674
30594
14485
14001
32540
35231
31495
32639
34249
40664
23331
11863
33083
13585
40524
30179
37128
34520
35048
27837
34286
42055
41910
36218
29122
37676
27489
30695
29610
14952
40534
22418
38028
40085
40147
37772
18374
9708
36673
11118
25632
37221
18116
26010
10494
10527
35856
12995
41947
26115
20606
27312
35314
12965
30047
17980
23102
21866
40336
15010
23461
17904
15695
39415
19313
29098
23628
40184
20479
13259
15875
14854
33723
33894
25674
28015
11340
41683
40998
22255
29195
16212
9443
20599
11194
26616
20836
25132
37491
15552
41911
14259
29150
12033
35564
31404
10407
20489
35624
13948
36143
29445
26613
10576
35458
9763
18652
9823
35210
18163
35894
28015
31362
13843
15423
39834
37548
28171
23148
39250
37447
33142
29951
10659
9916
17507
15064
32440
15640
9466
33166
30625
22718
30563
29118
27475
16990
14563
19875
9456
41761
36424
34279
30025
24614
33160
37049
32162
18994
17061
14112
38837
30115
28627
19599
32505
20134
10461
33977
40739
15786
29125
23462
11245
28693
10411
17415
26135
39221
37615
36807
12716
16249
17818
18146
24967
27105
27898
24698
23573
16819
14221
37416
32093
31856
26657
10640
23101
41478
21304
42040
18678
33607
19377
31130
21227
29850
17061
19319
29605
41200
40592
28783
18715
35066
36273
36047
39216
33434
22451
11690
20606
19607
29324
39467
24146
35476
24230
20265
37367
15683
36412
22780
23864
35542
23560
32655
40992
27574
21787
30903
25092
36728
23052
38083
39876
36365
23380
39253
30541
14648
13561
15984
10338
41541
28010
33233
17053
10233
23466
17539
12464
41157
30897
26286
12529
30014
24592
21936
31510
16082
17363
16494
29500
16051
22443
26092
36399
16664
30541
12828
19173
16549
35861
40180
25931
24103
30191
32707
9797
32901
31607
21701
29935
12532
34143
38133
36138
34665
10513
10274
32596
15188
18070
39749
23894
11403
15799
37138
14564
30852
32354
41165
22272
28616
30799
38751
15552
32676
11746
20137
31058
25634
28244
36632
20797
13880
31502
12154
12009
10814
40021
26384
31842
37541
26924
34276
19033
31463
18038
34652
26732
28346
24924
13072
21159
16777
10478
16345
38986
27172
35597
11562
40908
18103
30856
18084
27681
23801
29829
34276
18233
27301
13091
18080
30153
23086
35677
33010
22605
28591
16434
32243
40270
16928
25858
14988
26848
21712
24892
27785
38256
25871
22326
24047
29116
16427
29276
37520
40995
13727
24717
27612
31519
31110
31426
16122
41744
35670
24817
37144
39227
29898
36145
28159
35858
29984
41502
36074
14518
27781
30847
14232
34234
39886
12326
10144
15146
35944
18456
19973
31691
13458
33262
14602
25509
11209
38011
35911
28607
33668
29103
16125
37674
38946
41915
38055
40256
28193
34166
33745
21806
28560
23040
32557
28336
40391
34725
21732
15388
35669
31236
38954
16802
12858
28528
18709
36306
31319
13718
11951
31582
33826
39264
38730
16418
35742
36378
29459
28001
30603
20436
31978
17746
26841
34055
25969
35291
24163
41851
13411
10396
16602
40039
21544
26671
27391
37851
31654
31406
33302
10075
27225
39286
12951
34764
10918
36395
42278
27285
20076
19709
16325
38398
23005
33833
34633
36059
20620
17602
13578
40303
39110
10417
21727
22411
10534
39419
32586
11766
13412
40770
33775
18193
18286
20879
38987
16571
36282
24398
24226
27507
12250
16538
22841
16572
32849
32955
40390
39110
27301
16621
23845
25418
22709
22627
37708
26550
33357
13708
29569
20618
23288
25749
25803
34306
37397
24367
41638
39925
22829
35218
22010
22269
25732
32962
14926
36056
23022
40465
41785
25614
41444
21477
30234
14036
20183
18363
27657
40241
36548
19820
12302
25183
23305
10159
11664
26996
23159
12768
41744
17730
10664
22272
19735
34683
32147
31228
15724
35609
21597
13106
12939
15868
10355
34609
33619
11733
22997
31424
29439
23620
16821
10275
33111
40509
42048
14745
35623
35504
29884
27945
20209
15465
40915
34206
10719
27445
20526
19665
41211
41030
24902
35622
35490
35288
29815
39001
27702
12821
23639
27003
24596
40246
21061
16439
38854
37612
10821
24410
20089
38654
30987
26771
16305
21811
24661
18294
30267
33906
30078
19911
34660
34088
30288
25846
36456
16106
16411
30950
31789
33116
15619
32754
36657
27729
15262
17458
34753
41779
25791
20986
27757
20390
17292
12196
29368
14184
37847
17040
24596
27003
19115
34152
30477
18055
36132
29609
17604
26746
35204
20063
